
======================================================================================================
                         RPM RMSE   RPM Mean    RPM Std   Acc RMSE   Acc Mean    Acc Std   3σ cov
                            [RPM]      [RPM]      [RPM]    [RPM/s]    [RPM/s]    [RPM/s]      [%]
------------------------------------------------------------------------------------------------------
  4000RPM/test 1          13.7224     0.5512    13.7113    86.1603     0.0026    86.1603     32.7
  4000RPM/test 2          10.8874     0.7094    10.8643    81.6780     0.0735    81.6780     33.7
  4000RPM/test 3          12.1506     0.4784    12.1412    84.0189     0.1070    84.0188     32.2
  4000RPM/test 4          11.0172     0.6720    10.9967    82.1259     0.9956    82.1199     31.8
  4000RPM/test 5          11.0978     0.5698    11.0831    83.1950     0.7850    83.1913     31.7
  4000RPM Pooled          11.8834     0.5956    11.8685    83.5225     0.3743    83.5216     32.4
------------------------------------------------------------------------------------------------------
  5000RPM/test 1          12.9114     0.6385    12.8956    91.9558    -0.8313    91.9520     30.6
  5000RPM/test 2           6.2837     0.1726     6.2813    80.7383     0.3844    80.7374     33.8
  5000RPM/test 3          11.1257     1.2196    11.0587    95.9790    -0.1062    95.9789     30.0
  5000RPM/test 4          13.4312     0.9441    13.3979    93.1921     0.0126    93.1921     30.6
  5000RPM/test 5          13.5832     0.3584    13.5785    99.2890     0.0918    99.2890     32.3
  5000RPM Pooled          11.7623     0.6449    11.7446    92.4266    -0.0786    92.4265     31.5
------------------------------------------------------------------------------------------------------
        Overall Pooled    11.8404     0.6132    11.8245    86.7987     0.2130    86.7984     31.9
======================================================================================================
